1324
1339
1601
1794
1056
1898
1307
1107
1368
1130
1643
1332
1944
1457
1122
1092
1587
1981
1345
1294
1307
1830
1338
1067
1564
1299
1372
1107
1429
1475
1438
1615
1085
1273
1536
1789
1236
1931
1465
1264
1182
1803
1373
1049
1528
1657
1782
1290
1403
1535
1654
1143
1262
1418
1365
1715
1544
1476
1525
1207
1639
1149
1524
1719
1657
1231
1471
1687
1618
1053
1986
1892
1881
1361
1710
1298
1590
1839
1256
1139
1628
1355
1720
1808
1708
1129
1313
1954
1230
1646
1660
1595
1712
1401
1243
1928
1074
1923
1353
1912
1242
1199
1797
1799
1948
1167
1727
1488
1942
1469
1631
1649
1692
1142
1160
1886
1773
1796
1828
1595
1716
1521
1153
1919
1978
1840
1175
1606
1091
1532
1277
1245
1663
1808
1221
1049
1802
1770
1886
1617
1864
1538
1980
1658
1729
1388
1086
1441
1813
1980
1413
1029
1132
1014
1205
1493
1021
1474
1011
1661
1435
1036
1452
1697
1462
1935
1737
1052
1365
1048
1228
1672
1003
1521
1178
1751
1270
1745
1716
1398
1876
1400
1403
1885
1765
1983
1859
1804
1791
1330
1894
1667
1669
1094
1914
1525
1548
1584
1813
1118
1792
1376
1458
1925
1429
1197
1378
1585
1107
1597
1419
1862
1912
1677
1747
1442
1098
1347
1517
1494
1667
1453
1875
1546
1135
1098
1476
1649
1951
1765
1706
1365
1676
1152
1150
1662
1553
1043
1643
1055
1056
1400
1920
1276
1195
1075
1624
1402
1058
1384
1904
1446
1580
1131
1720
1784
1664
1573
1740
1962
1876
1145
1124
1085
1416
1664
1396
1597
1420
1806
1680
1776
1826
1658
1108
1272
1834
1276
1208
1062
1237
1838
1676
1490
1332
1268
1067
1112
1886
1478
1483
1254
1852
1983
1820
1324
1709
1452
1265
1239
1804
1790
1857
1178
1759
1543
1450
1655
1167
1598
1092
1977
1852
1679
1792
1735
1490
1418
1688
1747
1791
1039
1588
1617
1374
1861
1219
1751
1698
1178
1158
1180
1899
1032
1544
1007
1635
1218
1084
1639
1236
1624
1244
1000
1623
1284
1226
1468
1639
1832
1411
1371
1796
1317
1870
1495
1638
1111
1912
1116
1581
1529
1766
1336
1793
1421
1919
1645
1629
1178
1544
1501
1855
1451
1316
1022
1843
1664
1680
1042
1917
1177
1565
1546
1220
1072
1983
1077
1705
1713
1242
1113
1878
1076
1672
1638
1114
1070
1843
1325
1638
1227
1208
1743
1369
1565
1269
1975
1140
1637
1601
1117
1967
1012
1192
1546
1586
1301
1248
1507
1516
1885
1914
1191
1436
1956
1638
1624
1985
1727
1359
1376
1866
1478
1852
1797
1000
1796
1872
1598
1105
1046
1856
1888
1789
1565
1429
1004
1079
1280
1613
1166
1955
1554
1088
1749
1747
1876
1153
1769
1734
1979
1041
1755
1743
1670
1551
1874
1204
1367
1898
1978
1707
1959
1163
1876
1405
1192
1108
1532
1157
1462
1151
1422
1828
1415
1029
1698
1208
1797
1667
1404
1805
1246
1716
1914
1210
1201
1449
1439
